90
245
10
130
183
223
117
31
164
25
24
169
120
99
110
120
95
96
47
31
168
102
200
51
138
206
213
253
246
179
49
177
252
12
58
34
65
198
122
117
202
135
215
39
81
197
133
184
74
194
60
224
181
6
220
11
83
163
187
245
204
107
140
24
100
75
22
226
254
82
52
110
152
126
212
131
109
207
83
155
201
87
131
51
17
144
149
70
104
217
104
255
41
55
171
196
201
200
157
165
15
63
191
31
227
129
9
241
250
150
129
213
97
255
65
245
118
172
68
181
202
150
45
159
91
119
134
240
97
166
21
109
72
250
134
177
208
148
188
104
151
162
91
35
170
110
155
186
118
30
58
79
124
77
70
131
252
6
12
28
201
20
255
60
56
198
154
237
41
215
90
51
128
150
54
94
15
168
20
228
234
65
29
155
43
170
53
7
140
125
58
108
228
28
55
160
158
191
217
180
110
41
75
83
119
126
61
126
108
164
122
176
118
82
32
73
106
130
56
164
222
110
131
148
172
232
198
243
38
215
160
60
145
46
156
10
65
117
83
56
46
34
103
145
55
203
72
183
193
99
71
29
200
70
238
179
208
48
130
212
71
163
12
87
249
81
124
72
130
60
144
145
71
38
235
226
5
120
131
43
112
233
128
34
89
215
223
155
189
232
28
18
153
141
114
46
58
250
188
71
223
134
255
219
25
57
21
137
196
32
61
178
241
67
237
212
81
208
22
108
62
225
3
82
116
202
17
164
68
91
157
205
77
252
35
45
10
43
75
66
126
170
17
196
59
7
165
239
219
101
255
209
80
161
211
206
74
0
121
95
