Vector Kr : 
95
234
142
103
150
37
202
148
49
178
128
59
214
166
187
42
50
29
4
47
127
246
63
86
246
29
153
68
59
69
86
247
148
123
206
169
211
222
107
132
249
94
184
223
235
153
238
141
235
16
63
105
136
62
93
172
192
98
64
6
174
142
89
106
113
196
239
3
239
108
181
235
106
186
155
13
208
180
67
195
36
5
228
220
25
254
179
172
124
243
171
62
113
250
188
124
231
22
30
142
95
42
34
90
17
66
17
127
27
166
5
196
220
199
183
54
104
253
97
169
1
201
35
89
4
69
166
82
179
117
77
86
224
255
255
137
3
15
207
238
253
251
170
25
227
215
59
110
25
169
30
43
162
7
60
199
149
165
163
55
60
139
253
246
62
120
124
101
96
197
178
135
32
16
225
182
213
150
234
122
220
62
63
74
198
105
1
13
40
13
153
146
249
180
96
213
126
201
252
36
198
65
179
43
155
247
179
107
119
183
40
173
56
174
2
25
169
152
2
192
35
200
208
134
185
18
45
28
72
158
108
251
91
166
147
255
62
178
146
164
110
31
36
15
2
86
90
222
247
185
229
151
241
35
134
164
204
92
153
37
154
199
21
35
153
84
0
218
119
80
166
39
92
128
62
150
119
184
190
31
219
91
238
131
230
205
234
141
162
60
121
240
134
6
249
0
77
70
130
23
253
24
227
144
40
22
72
13
39
119
53
41
243
103
123
60
66
90
116
138
119
112
209
74
144
99
102
94
108
38
255
37
199
230
35
114
172
24
248
86
213
54
245
167
106
131
125
246
141
56
238
211
11
237
172
122
89
86
178
76
241
126
201
92
36
130
48
142
211
125
126
121
193
59
128
101
58
240
221
242
92
62
199
110
218
152
124
41
142
225
42
154
156
21
243
173
69
61
26
63
19
146
234
109
144
62
1
88
118
93
7
187
97
0
118
222
149
182
199
97
43
136
251
178
68
242
152
134
211
104
112
238
22
36
191
84
198
146
50
120
240
157
197
185
46
163
190
242
105
192
21
21
10
50
157
190
161
25
255
121
84
185
249
54
46
108
55
245
207
66
196
254
166
187
23
166
179
112
64
216
181
238
196
228
195
112
202
25
216
128
145
212
228
75
218
160
105
61
176
14
60
89
140
156
69
85
98
207
33
114
174
34
25
112
149
204
157
95
115
45
221
13
239
236
237
121
117
80
196
127
242
10
0
251
188
180
59
160
233
16
121
117
195
178
5
18
99
237
96
14
204
60
116
94
113
47
43
15
208
16
248
123
85
214
188
87
192
73
114
68
75
220
46
216
25
189
1
118
86
127
93
8
157
52
229
115
51
171
173
37
3
181
24
31
186
2
219
89
110
67
121
30
61
118
51
148
161
148
142
251
239
97
5
114
222
247
162
24
98
186
82
19
127
76
84
22
80
116
104
41
193
184
187
138
21
80
56
145
217
245
70
36
25
183
71
223
200
13
43
133
243
130
246
77
214
184
179
98
37
3
124
199
208
193
251
60
144
77
44
14
78
32
37
33
46
216
236
166
194
229
203
25
168
109
8
202
233
7
249
139
238
24
35
68
252
115
64
215
96
115
19
54
97
66
166
135
223
221
154
252
63
41
202
135
101
135
71
104
202
229
191
119
238
204
247
28
212
19
47
40
87
4
237
234
34
172
182
122
42
206
152
81
213
38
219
138
161
77
198
116
238
171
26
168
127
80
2
113
90
75
239
252
96
198
65
104
124
198
115
253
102
202
180
252
216
221
99
177
6
47
180
246
28
85
93
172
142
68
28
197
221
171
73
99
106
48
53
193
24
28
133
162
38
160
120
26
174
49
163
237
4
113
161
160
167
85
97
57
179
213
111
97
54
221
187
195
139
194
174
122
51
233
223
11
48
138
56
Vector Kc : 
136
134
131
159
211
25
36
221
108
91
233
132
52
224
149
19
105
184
206
89
243
48
200
63
110
31
100
150
85
185
252
16
41
122
243
167
163
195
251
149
255
11
156
41
223
112
239
248
199
138
192
103
145
33
82
36
144
179
29
74
ITER_MAX : 
1
