179
22
206
79
197
247
200
89
78
47
39
179
205
169
84
87
249
78
169
98
168
50
99
226
178
236
65
96
67
184
215
78
120
123
47
156
92
199
92
166
244
132
226
80
150
160
58
196
82
111
228
52
162
30
237
210
99
60
52
148
52
249
228
108
201
246
42
55
230
222
137
20
56
36
18
246
82
198
178
145
64
39
79
37
0
75
213
87
223
51
18
241
120
65
117
176
192
168
88
25
5
201
227
190
152
228
156
232
21
15
244
171
128
34
164
147
104
45
36
191
196
96
63
46
84
24
19
143
93
130
160
54
75
16
237
209
220
241
157
193
247
171
229
110
95
163
226
86
192
16
7
131
240
14
183
117
140
192
66
39
226
115
68
52
217
116
79
224
131
162
1
70
234
151
163
235
193
94
199
172
229
64
170
156
78
169
156
38
35
48
244
46
70
68
26
48
145
180
110
162
32
139
213
61
240
137
15
158
50
28
9
216
195
4
5
240
253
247
251
132
72
209
185
103
8
69
103
160
3
91
84
83
237
253
123
131
183
232
93
95
45
240
102
142
45
70
244
44
30
14
200
60
105
223
131
215
185
171
6
183
143
202
89
130
57
94
64
220
212
48
125
235
199
227
250
166
83
42
238
103
84
92
48
125
96
178
219
84
64
44
67
101
193
33
228
251
63
209
228
85
110
76
58
204
121
107
116
156
98
180
178
122
201
41
126
86
235
26
173
112
30
17
151
200
103
247
255
74
111
94
183
203
178
185
151
82
117
122
152
162
111
33
250
159
76
6
19
70
90
12
74
119
149
92
62
195
47
178
0
42
143
64
120
118
89
119
67
234
71
239
157
37
58
149
207
86
189
212
220
169
49
118
116
134
94
225
146
243
88
34
77
148
167
159
237
229
159
166
95
114
165
133
114
105
113
134
248
34
128
39
174
185
83
157
98
60
77
55
8
223
29
7
19
35
250
223
97
242
194
95
102
188
149
218
219
229
244
21
77
252
155
237
170
166
173
187
93
2
81
167
69
47
135
159
146
126
85
83
223
66
153
197
44
137
171
10
114
217
120
197
107
12
238
184
51
165
137
154
95
40
175
154
132
152
75
131
55
192
216
78
104
90
79
57
233
168
199
85
196
238
140
10
219
111
160
109
136
232
197
208
121
170
42
36
138
43
24
182
27
34
115
218
231
121
4
250
186
69
128
130
15
160
174
200
14
138
234
197
202
122
181
161
55
65
230
234
72
2
230
117
85
148
13
251
219
104
0
249
46
42
27
37
45
35
116
152
97
128
219
25
169
180
41
190
51
233
243
219
117
57
126
83
120
181
12
41
232
231
210
100
18
169
11
81
184
134
38
167
172
164
172
122
218
203
105
14
24
190
124
228
240
63
86
8
145
38
39
128
215
70
123
245
193
18
134
7
76
219
41
223
252
39
61
164
197
184
7
106
151
2
201
7
16
102
48
132
209
163
146
97
5
78
237
161
4
66
234
188
36
98
214
152
142
171
173
186
146
148
81
179
247
169
31
196
71
183
162
91
190
251
124
156
156
175
161
180
179
82
222
215
225
201
143
94
153
137
97
12
18
144
6
150
166
245
176
82
6
70
36
176
221
131
40
214
90
134
39
203
48
217
70
211
160
198
70
174
92
246
6
16
193
204
94
61
24
237
62
188
0
224
63
171
254
64
144
74
195
127
91
101
205
53
53
107
101
224
14
221
229
36
85
87
213
65
147
181
244
7
231
161
188
86
77
30
223
213
24
228
98
69
81
194
119
184
12
43
59
140
117
156
38
154
91
161
61
231
216
140
58
199
40
67
81
57
67
253
127
76
235
155
61
153
247
7
161
205
138
21
214
190
23
166
107
72
11
222
245
65
128
27
231
41
254
104
242
137
201
34
51
150
160
194
178
248
243
188
180
212
249
52
42
98
156
250
211
113
23
25
20
179
228
147
217
223
180
245
36
146
29
211
187
155
131
16
62
1
171
240
101
15
129
233
65
126
238
11
105
230
182
118
88
42
99
34
68
88
110
167
235
207
144
152
131
114
236
79
202
225
44
242
169
143
2
187
64
216
181
91
101
45
163
14
23
216
136
169
44
123
130
94
60
157
5
85
221
59
101
117
47
153
86
223
8
168
80
25
96
232
231
136
186
138
195
40
3
78
215
200
180
56
84
128
254
79
236
143
238
41
2
75
184
14
168
112
103
197
21
208
231
246
178
226
37
205
35
122
64
178
191
226
73
57
184
39
218
186
153
109
89
229
184
14
208
98
152
37
111
107
40
219
28
9
213
190
143
245
200
56
139
158
136
78
165
39
